1418535578 1
1418535578 0
1418535593 2
1418535593 0
1418535593 1
1418535593 0
1418535609 2
1418535609 0
1418535625 2
1418535625 0
1418535625 2
1418535625 0
1418535640 2
1418535640 0
1418535640 1
1418535640 0
1418535656 1
1418535656 0
1418535656 2
1418535656 0
1418535656 2
1418535656 0
1418535656 2
1418535656 0
1418535656 1
1418535656 0
1418535687 2
1418535687 0
1418535687 2
1418535687 0
1418535687 2
1418535687 0
1418535703 2
1418535703 0
1418535718 2
1418535718 0
1418535750 2
1418535750 0
1418536218 1
1418536218 0
1418536234 2
1418536234 0
1418536234 1
1418536234 0
1418536250 2
1418536250 0
1418536250 2
1418536250 0
1418536250 2
1418536250 0
1418536281 2
1418536281 0
1418536281 1
1418536281 0
1418536281 2
1418536281 0
1418536296 1
1418536296 0
1418536296 2
1418536296 0
1418536296 2
1418536296 0
1418536296 2
1418536296 0
1418536296 1
1418536296 0
1418536328 2
1418536328 0
1418536328 2
1418536328 0
1418536328 2
1418536328 0
1418536328 2
1418536328 0
1418536343 2
1418536343 0
1418536359 1
1418536359 0
1418536390 2
1418536390 0
1418537062 1
1418537062 0
1418537078 1
1418537078 0
1418537078 2
1418537078 0
1418537093 2
1418537093 0
1418537093 2
1418537093 0
1418537109 2
1418537109 0
1418537109 2
1418537109 0
1418537125 1
1418537125 0
1418537125 2
1418537125 0
1418537140 2
1418537140 0
1418537156 2
1418537156 0
1418537156 1
1418537156 0
1418537156 2
1418537156 0
1418537187 2
1418537187 0
1418537187 2
1418537187 0
1418537187 2
1418537187 0
1418537187 2
1418537187 0
1418537203 2
1418537203 0
1418537218 1
1418537218 0
1418537250 2
1418537250 0
1418538390 1
1418538390 0
1418538406 1
1418538406 0
1418538421 2
1418538421 0
1418538437 2
1418538437 0
1418538437 2
1418538437 0
1418538437 2
1418538437 0
1418538453 2
1418538453 0
1418538453 1
1418538453 0
1418538468 2
1418538468 0
1418538468 1
1418538468 0
1418538484 1
1418538484 0
1418538484 2
1418538484 0
1418538484 2
1418538484 0
1418538531 2
1418538531 0
1418538531 2
1418538531 0
1418538531 2
1418538531 0
1418538546 2
1418538546 0
1418538562 2
1418538562 0
1418538578 2
1418538578 0
1418539703 1
1418539703 0
1418539718 1
1418539718 0
1418539734 2
1418539734 0
1418539750 2
1418539750 0
1418539750 2
1418539750 0
1418539750 2
1418539750 0
1418539750 2
1418539750 0
1418539765 1
1418539765 0
1418539781 2
1418539781 0
1418539796 2
1418539796 0
1418539796 2
1418539796 0
1418539796 1
1418539796 0
1418539796 2
1418539796 0
1418539843 2
1418539843 0
1418539843 2
1418539843 0
1418539859 2
1418539859 0
1418539875 2
1418539875 0
1418539875 1
1418539875 0
1418539890 2
1418539890 0
1418541218 1
1418541218 0
1418541234 1
1418541234 0
1418541250 2
1418541250 0
1418541265 2
1418541265 0
1418541265 2
1418541265 0
1418541265 2
1418541265 0
1418541281 1
1418541281 0
1418541281 2
1418541281 0
1418541296 1
1418541296 0
1418541296 2
1418541296 0
1418541312 2
1418541312 0
1418541312 2
1418541312 0
1418541312 2
1418541312 0
1418541359 2
1418541359 0
1418541359 2
1418541359 0
1418541359 2
1418541359 0
1418541375 2
1418541375 0
1418541390 1
1418541390 0
1418541390 2
1418541390 0
1418541406 2
1418541406 0
1418542015 1
1418542015 0
1418542046 1
1418542046 0
1418542062 2
1418542062 0
1418542078 2
1418542078 0
1418542078 2
1418542078 0
1418542078 2
1418542078 0
1418542078 1
1418542078 0
1418542093 2
1418542093 0
1418542109 2
1418542109 0
1418542109 1
1418542109 0
1418542125 2
1418542125 0
1418542125 2
1418542125 0
1418542187 2
1418542187 0
1418542187 2
1418542187 0
1418542187 2
1418542187 0
1418542187 2
1418542187 0
1418542187 2
1418542187 0
1418542218 2
1418542218 0
1418542218 1
1418542218 0
1418542234 2
1418542234 0
1418543156 1
1418543156 0
1418543187 1
1418543187 0
1418543203 2
1418543203 0
1418543218 2
1418543218 0
1418543218 2
1418543218 0
1418543218 2
1418543218 0
1418543218 2
1418543218 0
1418543234 2
1418543234 0
1418543250 2
1418543250 0
1418543265 2
1418543265 0
1418543265 2
1418543265 0
1418543265 1
1418543265 0
1418543265 2
1418543265 0
1418543312 2
1418543312 0
1418543312 2
1418543312 0
1418543328 2
1418543328 0
1418543343 1
1418543343 0
1418543343 2
1418543343 0
1418543359 2
1418543359 0
1418544343 1
1418544343 0
1418544375 1
1418544375 0
1418544390 2
1418544390 0
1418544406 2
1418544406 0
1418544406 2
1418544406 0
1418544406 2
1418544406 0
1418544437 2
1418544437 0
1418544437 1
1418544437 0
1418544437 2
1418544437 0
1418544437 2
1418544437 0
1418544437 2
1418544437 0
1418544484 2
1418544484 0
1418544484 2
1418544484 0
1418544484 2
1418544484 0
1418544500 2
1418544500 0
1418544531 1
1418544531 0
1418544546 2
1418544546 0
1418545531 1
1418545531 0
1418545562 1
1418545562 0
1418545578 2
1418545578 0
1418545593 2
1418545593 0
1418545593 1
1418545593 0
1418545609 2
1418545609 0
1418545625 1
1418545625 0
1418545625 2
1418545625 0
1418545640 2
1418545640 0
1418545640 2
1418545640 0
1418545640 1
1418545640 0
1418545687 2
1418545687 0
1418545687 2
1418545687 0
1418545703 2
1418545703 0
1418545718 2
1418545718 0
1418545734 2
1418545734 0
1418546625 1
1418546625 0
1418546656 1
1418546656 0
1418546671 2
1418546671 0
1418546687 2
1418546687 0
1418546687 2
1418546687 0
1418546703 2
1418546703 0
1418546718 1
1418546718 0
1418546734 1
1418546734 0
1418546734 2
1418546734 0
1418546734 2
1418546734 0
1418546734 2
1418546734 0
1418546781 2
1418546781 0
1418546781 2
1418546781 0
1418546781 2
1418546781 0
1418546796 2
1418546796 0
1418546812 1
1418546812 0
1418546828 2
1418546828 0
1418547328 1
1418547328 0
1418547359 1
1418547359 0
1418547375 2
1418547375 0
1418547390 2
1418547390 0
1418547390 2
1418547390 0
1418547390 1
1418547390 0
1418547390 2
1418547390 0
1418547406 2
1418547406 0
1418547421 2
1418547421 0
1418547421 1
1418547421 0
1418547437 2
1418547437 0
1418547437 2
1418547437 0
1418547437 1
1418547437 0
1418547437 2
1418547437 0
1418547484 2
1418547484 0
1418547484 2
1418547484 0
1418547484 2
1418547484 0
1418547484 2
1418547484 0
1418547500 2
1418547500 0
1418547515 1
1418547515 0
1418547515 2
1418547515 0
1418547515 2
1418547515 0
1418548140 1
1418548140 0
1418548171 1
1418548171 0
1418548187 2
1418548187 0
1418548203 2
1418548203 0
1418548203 2
1418548203 0
1418548203 2
1418548203 0
1418548203 2
1418548203 0
1418548218 2
1418548218 0
1418548234 2
1418548234 0
1418548234 1
1418548234 0
1418548250 2
1418548250 0
1418548250 2
1418548250 0
1418548250 2
1418548250 0
1418548250 1
1418548250 0
1418548296 2
1418548296 0
1418548296 2
1418548296 0
1418548296 2
1418548296 0
1418548312 2
1418548312 0
1418548328 2
1418548328 0
1418548343 2
1418548343 0
1418549031 1
1418549031 0
1418549062 1
1418549062 0
1418549078 2
1418549078 0
1418549093 2
1418549093 0
1418549093 2
1418549093 0
1418549093 2
1418549093 0
1418549093 2
1418549093 0
1418549093 1
1418549093 0
1418549109 2
1418549109 0
1418549140 2
1418549140 0
1418549140 1
1418549140 0
1418549140 2
1418549140 0
1418549140 1
1418549140 0
1418549140 2
1418549140 0
1418549140 2
1418549140 0
1418549187 2
1418549187 0
1418549187 2
1418549187 0
1418549187 2
1418549187 0
1418549187 2
1418549187 0
1418549203 2
1418549203 0
1418549218 1
1418549218 0
1418549234 2
1418549234 0
1418550437 1
1418550437 0
1418550468 1
1418550468 0
1418550484 2
1418550484 0
1418550500 1
1418550500 0
1418550500 2
1418550500 0
1418550500 2
1418550500 0
1418550515 2
1418550515 0
1418550546 2
1418550546 0
1418550546 1
1418550546 0
1418550546 2
1418550546 0
1418550546 2
1418550546 0
1418550546 1
1418550546 0
1418550546 2
1418550546 0
1418550593 2
1418550593 0
1418550593 2
1418550593 0
1418550593 2
1418550593 0
1418550593 2
1418550593 0
1418550609 2
1418550609 0
1418550625 1
1418550625 0
1418550625 2
1418550625 0
1418550640 2
1418550640 0
1428811296 1
1428811296 0
1428811296 2
1428811296 0
1428811296 2
1428811296 0
1428811296 2
1428811296 0
1428811312 2
1428811312 0
1428811312 1
1428811312 0
1428811312 2
1428811312 0
1428811312 2
1428811312 0
1428811328 2
1428811328 0
1428811328 2
1428811328 0
1428811328 1
1428811328 0
1428811328 1
1428811328 0
1428811328 2
1428811328 0
1428811343 2
1428811343 0
1428811343 2
1428811343 0
1428811359 1
1428811359 0
1428811406 2
1428811406 0
1428811406 2
1428811406 0
1428811406 2
1428811406 0
1428812625 1
1428812625 0
1428812625 2
1428812625 0
1428812640 1
1428812640 0
1428812656 1
1428812656 0
1428812671 2
1428812671 0
1428812671 2
1428812671 0
1428812671 2
1428812671 0
1428812671 2
1428812671 0
1428812671 2
1428812671 0
1428812671 1
1428812671 0
1428812671 2
1428812671 0
1428812671 2
1428812671 0
1428812671 2
1428812671 0
1428812671 2
1428812671 0
1428812703 1
1428812703 0
1428812750 2
1428812750 0
1428812750 2
1428812750 0
1428812750 2
1428812750 0
1428812750 2
1428812750 0
1428813375 2
1428813375 0
1428813390 2
1428813390 0
1428813390 2
1428813390 0
1428813406 1
1428813406 0
1428813421 1
1428813421 0
1428813421 2
1428813421 0
1428813437 2
1428813437 0
1428813437 2
1428813437 0
1428813437 2
1428813437 0
1428813453 2
1428813453 0
1428813453 1
1428813453 0
1428813453 2
1428813453 0
1428813453 2
1428813453 0
1428813453 1
1428813453 0
1428813500 2
1428813500 0
1428813500 2
1428813500 0
1428813500 2
1428813500 0
1428813500 2
1428813500 0
1428814000 2
1428814000 0
1428814015 2
1428814015 0
1428814046 1
1428814046 0
1428814046 1
1428814046 0
1428814046 2
1428814046 0
1428814062 1
1428814062 0
1428814062 2
1428814062 0
1428814062 2
1428814062 0
1428814062 2
1428814062 0
1428814062 2
1428814062 0
1428814078 2
1428814078 0
1428814078 2
1428814078 0
1428814078 1
1428814078 0
1428814078 2
1428814078 0
1428814078 2
1428814078 0
1428814109 2
1428814109 0
1428814125 2
1428814125 0
1428814125 2
1428814125 0
1428814125 2
1428814125 0
1428815421 2
1428815421 0
1428815421 2
1428815421 0
1428815437 2
1428815437 0
1428815468 2
1428815468 0
1428815468 1
1428815468 0
1428815468 1
1428815468 0
1428815484 2
1428815484 0
1428815484 1
1428815484 0
1428815484 2
1428815484 0
1428815484 2
1428815484 0
1428815484 2
1428815484 0
1428815484 2
1428815484 0
1428815500 2
1428815500 0
1428815500 1
1428815500 0
1428815500 2
1428815500 0
1428815500 1
1428815500 0
1428815500 2
1428815500 0
1428815531 2
1428815531 0
1428815546 2
1428815546 0
1428815546 2
1428815546 0
1428816578 2
1428816578 0
1428816578 2
1428816578 0
1428816593 2
1428816593 0
1428816625 2
1428816625 0
1428816625 1
1428816625 0
1428816640 2
1428816640 0
1428816640 2
1428816640 0
1428816640 2
1428816640 0
1428816640 2
1428816640 0
1428816640 2
1428816640 0
1428816640 1
1428816640 0
1428816656 2
1428816656 0
1428816656 1
1428816656 0
1428816656 1
1428816656 0
1428816656 2
1428816656 0
1428816656 2
1428816656 0
1428816687 2
1428816687 0
1428816703 2
1428816703 0
1428816703 2
1428816703 0
1428816703 2
1428816703 0
1428817375 2
1428817375 0
1428817390 2
1428817390 0
1428817421 2
1428817421 0
1428817421 1
1428817421 0
1428817437 2
1428817437 0
1428817437 2
1428817437 0
1428817437 2
1428817437 0
1428817437 2
1428817437 0
1428817453 2
1428817453 0
1428817453 2
1428817453 0
1428817453 1
1428817453 0
1428817453 1
1428817453 0
1428817453 2
1428817453 0
1428817453 2
1428817453 0
1428817484 2
1428817484 0
1428817500 2
1428817500 0
1428818843 2
1428818843 0
1428818859 2
1428818859 0
1428818890 2
1428818890 0
1428818890 1
1428818890 0
1428818890 1
1428818890 0
1428818906 1
1428818906 0
1428818906 2
1428818921 0
1428818921 2
1428818921 0
1428818921 2
1428818921 0
1428818921 2
1428818921 0
1428818921 2
1428818921 0
1428818921 1
1428818921 0
1428818921 1
1428818921 0
1428818921 2
1428818921 0
1428818953 2
1428818953 0
1428818968 2
1428818968 0
1428819421 2
1428819421 0
1428819437 2
1428819437 0
1428819468 1
1428819468 0
1428819468 1
1428819468 0
1428819484 2
1428819484 0
1428819484 2
1428819484 0
1428819484 1
1428819484 0
1428819484 2
1428819484 0
1428819500 1
1428819500 0
1428819500 2
1428819500 0
1428819500 2
1428819500 0
1428819500 2
1428819500 0
1428819531 2
1428819531 0
1428819546 2
1428819546 0
1428819546 2
1428819546 0
1428820781 2
1428820781 0
1428820796 2
1428820796 0
1428820828 1
1428820828 0
1428820828 1
1428820828 0
1428820828 2
1428820828 0
1428820843 2
1428820843 0
1428820843 2
1428820843 0
1428820843 1
1428820843 0
1428820843 2
1428820843 0
1428820843 2
1428820843 0
1428820843 2
1428820843 0
1428820859 2
1428820859 0
1428820859 2
1428820859 0
1428820859 1
1428820859 0
1428820859 1
1428820859 0
1428820859 2
1428820859 0
1428820859 2
1428820859 0
1428820890 2
1428820890 0
1428820906 2
1428820906 0
1428820906 2
1428820906 0
1428820906 2
1428820906 0
1428822062 2
1428822062 0
1428822078 2
1428822078 0
1428822109 1
1428822109 0
1428822125 2
1428822125 0
1428822125 2
1428822125 0
1428822125 2
1428822125 0
1428822125 2
1428822125 0
1428822125 1
1428822125 0
1428822140 2
1428822140 0
1428822140 1
1428822140 0
1428822140 2
1428822140 0
1428822140 2
1428822140 0
1428822171 2
1428822171 0
1428822187 2
1428822187 0
1428822203 2
1428822203 0
1428822203 2
1428822203 0
1428822656 2
1428822656 0
1428822656 2
1428822656 0
1428822671 2
1428822671 0
1428822687 1
1428822687 0
1428822687 2
1428822687 0
1428822687 1
1428822687 0
1428822703 2
1428822703 0
1428822703 2
1428822703 0
1428822703 2
1428822703 0
1428822703 2
1428822703 0
1428822703 2
1428822703 0
1428822703 2
1428822703 0
1428822703 2
1428822703 0
1428822703 1
1428822703 0
1428822703 2
1428822703 0
1428822750 2
1428822750 0
1428822765 2
1428822765 0
1428822765 2
1428822765 0
1428823343 2
1428823343 0
1428823359 2
1428823359 0
1428823375 2
1428823375 0
1428823390 2
1428823390 0
1428823390 2
1428823390 0
1428823390 1
1428823390 0
1428823390 2
1428823390 0
1428823406 1
1428823406 0
1428823406 2
1428823406 0
1428823406 2
1428823406 0
1428823406 2
1428823406 0
1428823406 1
1428823406 0
1428823453 2
1428823453 0
1428823468 2
1428823468 0
1428824125 2
1428824125 0
1428824125 2
1428824125 0
1428824140 2
1428824140 0
1428824156 2
1428824156 0
1428824156 1
1428824156 0
1428824171 1
1428824171 0
1428824171 2
1428824171 0
1428824171 2
1428824171 0
1428824171 2
1428824171 0
1428824171 2
1428824171 0
1428824171 2
1428824171 0
1428824187 2
1428824187 0
1428824187 1
1428824187 0
1428824187 2
1428824187 0
1428824203 1
1428824203 0
1428824203 2
1428824203 0
1428824203 2
1428824203 0
1428824234 2
1428824234 0
1428824250 2
1428824250 0
1428824656 2
1428824656 0
1428824671 2
1428824671 0
1428824687 2
1428824687 0
1428824687 1
1428824687 0
1428824703 2
1428824703 0
1428824703 2
1428824703 0
1428824703 2
1428824703 0
1428824703 2
1428824703 0
1428824718 2
1428824718 0
1428824718 2
1428824718 0
1428824734 2
1428824734 0
1428824734 1
1428824734 0
1428824765 2
1428824765 0
1428824781 2
1428824781 0
1428824781 2
1428824781 0
1428825312 2
1428825312 0
1428825328 2
1428825328 0
1428825343 1
1428825343 0
1428825343 2
1428825343 0
1428825343 1
1428825343 0
1428825359 1
1428825359 0
1428825359 2
1428825359 0
1428825359 2
1428825359 0
1428825359 2
1428825359 0
1428825359 2
1428825359 0
1428825359 2
1428825359 0
1428825375 2
1428825375 0
1428825375 2
1428825375 0
1428825390 2
1428825390 0
1428825390 2
1428825390 0
1428825421 2
1428825421 0
1428825437 2
1428825437 0
1432811375 2
1432811375 0
1432862375 2
1432862375 0
1432862375 2
1432862375 0
1432862390 2
1432862390 0
1432862406 1
1432862406 0
1432862406 2
1432862406 0
1432862406 1
1432862406 0
1432862406 2
1432862406 0
1432862406 1
1432862406 0
1432862406 2
1432862406 0
1432862406 2
1432862406 0
1432862453 2
1432862453 0
1432862453 1
1432862453 0
1432862453 2
1432862453 0
1432862484 2
1432862484 0
1432862484 2
1432862484 0
1432862484 2
1432862484 0
1432862484 2
1432862484 0
1432862484 2
1432862484 0
1432862484 1
1432862484 0
1432862484 2
1432862484 0
1432862484 2
1432862484 0
1432862484 1
1432862484 0
1432862484 1
1432862484 0
1432863625 1
1432863625 0
1432863625 1
1432863625 0
1432863656 1
1432863656 0
1432863687 1
1432863687 0
1432863687 1
1432863687 0
1432863687 2
1432863687 0
1432863687 2
1432863687 0
1432863687 1
1432863687 0
1432863687 2
1432863687 0
1432864625 1
1432864625 0
1432864625 1
1432864625 0
1432864625 1
1432864625 0
1432864656 1
1432864656 0
1432864703 2
1432864703 0
1432864703 1
1432864703 0
1432864703 2
1432864703 0
1432864703 1
1432864703 0
1432864703 2
1432864703 0
1432864703 1
1432864703 0
1432865921 1
1432865921 0
1432865921 1
1432865921 0
1432865953 1
1432865953 0
1432866000 1
1432866000 0
1432866000 1
1432866000 0
1432866000 2
1432866000 0
1432866000 1
1432866000 0
1432866000 2
1432866000 0
1432866000 2
1432866000 0
1432866468 1
1432866468 0
1432866468 1
1432866468 0
1432866468 1
1432866468 0
1432866500 1
1432866500 0
1432866546 2
1432866546 0
1432866546 1
1432866546 0
1432866546 1
1432866546 0
1432866546 2
1432866546 0
1432866546 2
1432866546 0
1432867312 1
1432867312 0
1432867312 1
1432867312 0
1432867312 1
1432867312 0
1432867343 1
1432867343 0
1432867390 2
1432867390 0
1432867390 1
1432867390 0
1432867390 1
1432867390 0
1432867390 2
1432867390 0
1432867390 2
1432867390 0
1432867984 1
1432867984 0
1432867984 1
1432867984 0
1432868015 1
1432868015 0
1432868062 2
1432868062 0
1432868062 2
1432868062 0
1432868062 1
1432868062 0
1432868062 1
1432868062 0
1432869093 1
1432869093 0
1432869093 1
1432869093 0
1432869125 1
1432869125 0
1432869171 1
1432869171 0
1432869171 1
1432869171 0
1432869171 2
1432869171 0
1432869171 2
1432869171 0
1432869171 2
1432869171 0
1432869171 2
1432869171 0
1432869890 1
1432869890 0
1432869890 1
1432869890 0
1432869890 1
1432869890 0
1432869921 1
1432869921 0
1432869968 2
1432869968 0
1432869968 2
1432869968 0
1432869968 2
1432869968 0
1432869968 1
1432869968 0
1432869968 1
1432869968 0
1432869968 1
1432869968 0
1432871093 1
1432871093 0
1432871125 1
1432871125 0
1432871171 1
1432871171 0
1432871171 1
1432871171 0
1432871171 1
1432871171 0
1432871171 2
1432871171 0
1432871171 2
1432871171 0
1432871171 2
1432871171 0
1432871171 2
1432871171 0
1432872046 1
1432872046 0
1432872046 1
1432872046 0
1432872078 1
1432872078 0
1432872125 2
1432872125 0
1432872125 2
1432872125 0
1432872125 2
1432872125 0
1432872125 1
1432872125 0
1432872125 1
1432872125 0
1432872125 1
1432872125 0
1432873187 1
1432873187 0
1432873187 1
1432873187 0
1432873218 1
1432873218 0
1432873281 1
1432873281 0
1432873281 1
1432873281 0
1432873281 2
1432873281 0
1432873281 2
1432873281 0
1432873281 2
1432873281 0
1432873281 2
1432873281 0
1432874468 1
1432874468 0
1432874468 1
1432874468 0
1432874500 1
1432874500 0
1432874562 2
1432874562 0
1432874562 2
1432874562 0
1432874562 2
1432874562 0
1432874562 1
1432874562 0
1432875828 1
1432875828 0
1432875828 1
1432875828 0
1432875828 1
1432875828 0
1432875859 1
1432875859 0
1432875921 1
1432875921 0
1432875921 2
1432875921 0
1432875921 1
1432875921 0
1432875921 1
1432875921 0
1432875921 2
1432875921 0
1432875921 2
1432875921 0
1432875921 2
1432875921 0
1432876437 1
1432876437 0
1432876468 1
1432876468 0
1432876531 2
1432876531 0
1432876531 2
1432876531 0
1432876531 1
1432876531 0
1432876531 1
1432876531 0
1432876531 1
1432876531 0
