1418534296 0
1418534296 1
1418535609 2
1418535609 0
1418535609 1
1418536250 2
1418536250 0
1418536250 1
1418537093 2
1418537093 0
1418537093 1
1418538437 2
1418538437 0
1418538437 1
1418539750 2
1418539750 0
1418539750 1
1418541265 2
1418541265 0
1418541265 1
1418542078 2
1418542078 0
1418542078 1
1418543218 2
1418543218 0
1418543218 1
1418544406 2
1418544406 0
1418544406 1
1418545593 2
1418545593 0
1418545593 1
1418546687 2
1418546687 0
1418546687 1
1418547390 2
1418547390 0
1418547390 1
1418548203 2
1418548203 0
1418548203 1
1418549093 2
1418549093 0
1418549093 1
1418550500 2
