1418534406 0
1418534406 1
1418535718 2
1418535718 0
1418535718 1
1418536359 2
1418536359 0
1418536359 1
1418537218 2
1418537218 0
1418537218 1
1418538562 2
1418538562 0
1418538562 1
1418539875 2
1418539875 0
1418539875 1
1418541390 2
1418541390 0
1418541390 1
1418542218 2
1418542218 0
1418542218 1
1418543343 2
1418543343 0
1418543343 1
1418544531 2
1418544531 0
1418544531 1
1418545718 2
1418545718 0
1418545718 1
1418546812 2
1418546812 0
1418546812 1
1418547515 2
1418547515 0
1418547515 1
1418548328 2
1418548328 0
1418548328 1
1418549218 2
1418549218 0
1418549218 1
1418550625 2
