1418534390 0
1418534390 1
1418535703 2
1418535703 0
1418535703 1
1418536343 2
1418536343 0
1418536343 1
1418537203 2
1418537203 0
1418537203 1
1418538546 2
1418538546 0
1418538546 1
1418539859 2
1418539859 0
1418539859 1
1418541375 2
1418541375 0
1418541375 1
1418542187 2
1418542187 0
1418542187 1
1418543328 2
1418543328 0
1418543328 1
1418544500 2
1418544500 0
1418544500 1
1418545703 2
1418545703 0
1418545703 1
1418546796 2
1418546796 0
1418546796 1
1418547500 2
1418547500 0
1418547500 1
1418548312 2
1418548312 0
1418548312 1
1418549203 2
1418549203 0
1418549203 1
1418550609 2
