1418534328 0
1418534328 1
1418535640 2
1418535640 0
1418535640 1
1418536281 2
1418536281 0
1418536281 1
1418537140 2
1418537140 0
1418537140 1
1418538468 2
1418538468 0
1418538468 1
1418539781 2
1418539781 0
1418539781 1
1418541296 2
1418541296 0
1418541296 1
1418542109 2
1418542109 0
1418542109 1
1418543250 2
1418543250 0
1418543250 1
1418544437 2
1418544437 0
1418544437 1
1418545625 2
1418545625 0
1418545625 1
1418546718 2
1418546718 0
1418546718 1
1418547421 2
1418547421 0
1418547421 1
1418548234 2
1418548234 0
1418548234 1
1418549140 2
1418549140 0
1418549140 1
1418550546 2
