1418534343 0
1418534343 1
1418535656 2
1418535656 0
1418535656 1
1418536296 2
1418536296 0
1418536296 1
1418537156 2
1418537156 0
1418537156 1
1418538484 2
1418538484 0
1418538484 1
1418539796 2
1418539796 0
1418539796 1
1418541312 2
1418541312 0
1418541312 1
1418542125 2
1418542125 0
1418542125 1
1418543265 2
1418543265 0
1418543265 1
1418544437 2
1418544437 0
1418544437 1
1418545640 2
1418545640 0
1418545640 1
1418546734 2
1418546734 0
1418546734 1
1418547437 2
1418547437 0
1418547437 1
1418548250 2
1418548250 0
1418548250 1
1418549140 2
1418549140 0
1418549140 1
1418550546 2
