1418534437 0
1418534437 1
1418535750 2
1418535750 0
1418535750 1
1418536390 2
1418536390 0
1418536390 1
1418537250 2
1418537250 0
1418537250 1
1418538578 2
1418538578 0
1418538578 1
1418539890 2
1418539890 0
1418539890 1
1418541406 2
1418541406 0
1418541406 1
1418542234 2
1418542234 0
1418542234 1
1418543359 2
1418543359 0
1418543359 1
1418544546 2
1418544546 0
1418544546 1
1418545734 2
1418545734 0
1418545734 1
1418546828 2
1418546828 0
1418546828 1
1418547515 2
1418547515 0
1418547515 1
1418548343 2
1418548343 0
1418548343 1
1418549234 2
1418549234 0
1418549234 1
1418550640 2
