1428810312 0
1428810312 1
1428811406 2
1428811406 0
1428811406 1
1428812750 2
1428812750 0
1428812750 1
1428813500 2
1428813500 0
1428813500 1
1428814125 2
1428814125 0
1428814125 1
1428815546 2
1428815546 0
1428815546 1
1428816703 2
1428816703 0
1428816703 1
1428817500 2
1428817500 0
1428817500 1
1428818968 2
1428818968 0
1428818968 1
1428819546 2
1428819546 0
1428819546 1
1428820906 2
1428820906 0
1428820906 1
1428822187 2
1428822187 0
1428822187 1
1428822765 2
1428822765 0
1428822765 1
1428823468 2
1428823468 0
1428823468 1
1428824250 2
1428824250 0
1428824250 1
1428824781 2
1428824781 0
1428824781 1
1428825437 2
