1428810187 0
1428810187 1
1428811296 2
1428811296 0
1428811296 1
1428812625 2
1428812625 0
1428812625 1
1428813390 2
1428813390 0
1428813390 1
1428814015 2
1428814015 0
1428814015 1
1428815437 2
1428815437 0
1428815437 1
1428816593 2
1428816593 0
1428816593 1
1428817390 2
1428817390 0
1428817390 1
1428818859 2
1428818859 0
1428818859 1
1428819437 2
1428819437 0
1428819437 1
1428820796 2
1428820796 0
1428820796 1
1428822078 2
1428822078 0
1428822078 1
1428822671 2
1428822671 0
1428822671 1
1428823359 2
1428823359 0
1428823359 1
1428824140 2
1428824140 0
1428824140 1
1428824671 2
1428824671 0
1428824671 1
1428825328 2
