1428810203 0
1428810203 1
1428811312 2
1428811312 0
1428811312 1
1428812656 2
1428812656 0
1428812656 1
1428813421 2
1428813421 0
1428813421 1
1428814046 2
1428814046 0
1428814046 1
1428815468 2
1428815468 0
1428815468 1
1428816625 2
1428816625 0
1428816625 1
1428817421 2
1428817421 0
1428817421 1
1428818890 2
1428818890 0
1428818890 1
1428819468 2
1428819468 0
1428819468 1
1428820828 2
1428820828 0
1428820828 1
1428822109 2
1428822109 0
1428822109 1
1428822687 2
1428822687 0
1428822687 1
1428823375 2
1428823375 0
1428823375 1
1428824156 2
1428824156 0
1428824156 1
1428824687 2
1428824687 0
1428824687 1
1428825343 2
