1428810203 0
1428810203 1
1428811296 2
1428811296 0
1428811296 1
1428812625 2
1428812625 0
1428812625 1
1428813390 2
1428813390 0
1428813390 1
1428814000 2
1428814000 0
1428814000 1
1428815421 2
1428815421 0
1428815421 1
1428816578 2
1428816578 0
1428816578 1
1428817375 2
1428817375 0
1428817375 1
1428818843 2
1428818843 0
1428818843 1
1428819421 2
1428819421 0
1428819421 1
1428820781 2
1428820781 0
1428820781 1
1428822062 2
1428822062 0
1428822062 1
1428822656 2
1428822656 0
1428822656 1
1428823343 2
1428823343 0
1428823343 1
1428824125 2
1428824125 0
1428824125 1
1428824656 2
1428824656 0
1428824656 1
1428825312 2
