1418534281 0
1418534281 1
1418535593 2
1418535593 0
1418535593 1
1418536234 2
1418536234 0
1418536234 1
1418537078 2
1418537078 0
1418537078 1
1418538421 2
1418538421 0
1418538421 1
1418539734 2
1418539734 0
1418539734 1
1418541250 2
1418541250 0
1418541250 1
1418542062 2
1418542062 0
1418542062 1
1418543203 2
1418543203 0
1418543203 1
1418544390 2
1418544390 0
1418544390 1
1418545578 2
1418545578 0
1418545578 1
1418546671 2
1418546671 0
1418546671 1
1418547375 2
1418547375 0
1418547375 1
1418548187 2
1418548187 0
1418548187 1
1418549078 2
1418549078 0
1418549078 1
1418550484 2
