1428810218 0
1428810218 1
1428811312 2
1428811312 0
1428811312 1
1428812671 2
1428812671 0
1428812671 1
1428813453 2
1428813453 0
1428813453 1
1428814078 2
1428814078 0
1428814078 1
1428815500 2
1428815500 0
1428815500 1
1428816656 2
1428816656 0
1428816656 1
1428817453 2
1428817453 0
1428817453 1
1428818921 2
1428818921 0
1428818921 1
1428819500 2
1428819500 0
1428819500 1
1428820859 2
1428820859 0
1428820859 1
1428822140 2
1428822140 0
1428822140 1
1428822703 2
1428822703 0
1428822703 1
1428823406 2
1428823406 0
1428823406 1
1428824187 2
1428824187 0
1428824187 1
1428824718 2
1428824718 0
1428824718 1
1428825375 2
