1418534328 0
1418534328 1
1418535640 2
1418535640 0
1418535640 1
1418536281 2
1418536281 0
1418536281 1
1418537125 2
1418537125 0
1418537125 1
1418538453 2
1418538453 0
1418538453 1
1418539765 2
1418539765 0
1418539765 1
1418541281 2
1418541281 0
1418541281 1
1418542093 2
1418542093 0
1418542093 1
1418543234 2
1418543234 0
1418543234 1
1418544406 2
1418544406 0
1418544406 1
1418545609 2
1418545609 0
1418545609 1
1418546703 2
1418546703 0
1418546703 1
1418547406 2
1418547406 0
1418547406 1
1418548218 2
1418548218 0
1418548218 1
1418549109 2
1418549109 0
1418549109 1
1418550515 2
