1418534375 0
1418534375 1
1418535687 2
1418535687 0
1418535687 1
1418536328 2
1418536328 0
1418536328 1
1418537187 2
1418537187 0
1418537187 1
1418538531 2
1418538531 0
1418538531 1
1418539843 2
1418539843 0
1418539843 1
1418541359 2
1418541359 0
1418541359 1
1418542187 2
1418542187 0
1418542187 1
1418543312 2
1418543312 0
1418543312 1
1418544484 2
1418544484 0
1418544484 1
1418545687 2
1418545687 0
1418545687 1
1418546781 2
1418546781 0
1418546781 1
1418547484 2
1418547484 0
1418547484 1
1418548296 2
1418548296 0
1418548296 1
1418549187 2
1418549187 0
1418549187 1
1418550593 2
