1428810296 0
1428810296 1
1428811406 2
1428811406 0
1428811406 1
1428812750 2
1428812750 0
1428812750 1
1428813500 2
1428813500 0
1428813500 1
1428814109 2
1428814109 0
1428814109 1
1428815531 2
1428815531 0
1428815531 1
1428816687 2
1428816687 0
1428816687 1
1428817484 2
1428817484 0
1428817484 1
1428818953 2
1428818953 0
1428818953 1
1428819531 2
1428819531 0
1428819531 1
1428820890 2
1428820890 0
1428820890 1
1428822171 2
1428822171 0
1428822171 1
1428822750 2
1428822750 0
1428822750 1
1428823453 2
1428823453 0
1428823453 1
1428824234 2
1428824234 0
1428824234 1
1428824765 2
1428824765 0
1428824765 1
1428825421 2
