1432861078 0
1432861078 1
1432862406 2
1432862406 0
1432862406 1
1432863625 2
1432863625 0
1432863625 1
1432864625 2
1432864625 0
1432864625 1
1432865921 2
1432865921 0
1432865921 1
1432866468 2
1432866468 0
1432866468 1
1432867312 2
1432867312 0
1432867312 1
1432867984 2
1432867984 0
1432867984 1
1432869093 2
1432869093 0
1432869093 1
1432869890 2
1432869890 0
1432869890 1
1432871093 2
1432871093 0
1432871093 1
1432872046 2
1432872046 0
1432872046 1
1432873187 2
1432873187 0
1432873187 1
1432874468 2
1432874468 0
1432874468 1
1432875828 2
1432875828 0
1432875828 1
1432876437 2
