1418534281 0
1418534281 1
1418535593 2
1418535593 0
1418535593 1
1418536234 2
1418536234 0
1418536234 1
1418537078 2
1418537078 0
1418537078 1
1418538406 2
1418538406 0
1418538406 1
1418539718 2
1418539718 0
1418539718 1
1418541234 2
1418541234 0
1418541234 1
1418542046 2
1418542046 0
1418542046 1
1418543187 2
1418543187 0
1418543187 1
1418544375 2
1418544375 0
1418544375 1
1418545562 2
1418545562 0
1418545562 1
1418546656 2
1418546656 0
1418546656 1
1418547359 2
1418547359 0
1418547359 1
1418548171 2
1418548171 0
1418548171 1
1418549062 2
1418549062 0
1418549062 1
1418550468 2
