1428810218 0
1428810218 1
1428811328 2
1428811328 0
1428811328 1
1428812671 2
1428812671 0
1428812671 1
1428813453 2
1428813453 0
1428813453 1
1428814062 2
1428814062 0
1428814062 1
1428815484 2
1428815484 0
1428815484 1
1428816640 2
1428816640 0
1428816640 1
1428817437 2
1428817437 0
1428817437 1
1428818921 2
1428818921 0
1428818921 1
1428819484 2
1428819484 0
1428819484 1
1428820843 2
1428820843 0
1428820843 1
1428822125 2
1428822125 0
1428822125 1
1428822703 2
1428822703 0
1428822703 1
1428823390 2
1428823390 0
1428823390 1
1428824171 2
1428824171 0
1428824171 1
1428824703 2
1428824703 0
1428824703 1
1428825359 2
