1432861109 0
1432861109 1
1432862453 2
1432862453 0
1432862453 1
1432863656 2
1432863656 0
1432863656 1
1432864656 2
1432864656 0
1432864656 1
1432865953 2
1432865953 0
1432865953 1
1432866500 2
1432866500 0
1432866500 1
1432867343 2
1432867343 0
1432867343 1
1432868015 2
1432868015 0
1432868015 1
1432869125 2
1432869125 0
1432869125 1
1432869921 2
1432869921 0
1432869921 1
1432871125 2
1432871125 0
1432871125 1
1432872078 2
1432872078 0
1432872078 1
1432873218 2
1432873218 0
1432873218 1
1432874500 2
1432874500 0
1432874500 1
1432875859 2
1432875859 0
1432875859 1
1432876468 2
