1432861156 0
1432861156 1
1432862484 2
1432862484 0
1432862484 1
1432863687 2
1432863687 0
1432863687 1
1432864703 2
1432864703 0
1432864703 1
1432866000 2
1432866000 0
1432866000 1
1432866546 2
1432866546 0
1432866546 1
1432867390 2
1432867390 0
1432867390 1
1432868062 2
1432868062 0
1432868062 1
1432869171 2
1432869171 0
1432869171 1
1432869968 2
1432869968 0
1432869968 1
1432871171 2
1432871171 0
1432871171 1
1432872125 2
1432872125 0
1432872125 1
1432873281 2
1432873281 0
1432873281 1
1432874562 2
1432874562 0
1432874562 1
1432875921 2
1432875921 0
1432875921 1
1432876531 2
