1418534265 0
1418534265 1
1418535578 2
1418535578 0
1418535578 1
1418536218 2
1418536218 0
1418536218 1
1418537062 2
1418537062 0
1418537062 1
1418538390 2
1418538390 0
1418538390 1
1418539703 2
1418539703 0
1418539703 1
1418541218 2
1418541218 0
1418541218 1
1418542015 2
1418542015 0
1418542015 1
1418543156 2
1418543156 0
1418543156 1
1418544343 2
1418544343 0
1418544343 1
1418545531 2
1418545531 0
1418545531 1
1418546625 2
1418546625 0
1418546625 1
1418547328 2
1418547328 0
1418547328 1
1418548140 2
1418548140 0
1418548140 1
1418549031 2
1418549031 0
1418549031 1
1418550437 2
